1,500
2,501
3,502
4,503
5,504
6,505
7,506
8,507
9,508
10,509
11,510
12,511
13,512
14,513
15,514
16,515
17,516
18,517
19,518
20,519
21,520
22,521
23,522
24,523
25,524
26,525
27,526
28,527
29,500
30,501
31,502
32,503
33,504
34,505
35,506
36,507
37,508
38,509
39,510
40,511
41,512
42,513
43,514
44,515
45,516
46,517
47,518
48,519
49,520
50,521
51,522
52,523
53,524
54,525
55,526
56,527
57,500
58,501
59,502
60,503
61,504
62,505
63,506
64,507
65,508
66,509
67,510
68,511
69,512
70,513
71,514
72,515
73,516
74,517
75,518
76,519
77,520
78,521
79,522
80,523
81,524
82,525
83,526
84,527
85,500
86,501
87,502
88,503
89,504
90,505
91,506
92,507
93,508
94,509
95,510
96,511
97,512
98,513
99,514
100,515