1001,Consuelo,1,101
1002,Marion,4,105
1003,Kelsey,4,102
1004,Johnie,4,106
1005,Miles,5,103
1006,Deanna,8,105
1007,Heriberto,2,101
1008,Shawn,0,106
1009,Leonard,6,103
1010,Gaylord,2,108
1011,Caitlin,7,102
1012,Kerry,0,107
1013,Johanna,2,108
1014,Micheal,0,101
1015,Rebekah,2,108
1016,Fidel,1,101
1017,Shauna,8,103
1018,Shon,0,101
1019,Rory,5,107
1020,Keven,4,102
1021,Pablo,8,108
1022,Hugo,8,107
1023,Agnes,8,103
1024,Jewel,2,108
1025,Cathy,8,106
1026,Julius,6,108
1027,Weldon,5,101
1028,Tasha,8,103
1029,Betsy,8,105
1030,Hilary,5,102
1031,Bradly,5,108
1032,Thomas,8,101
1033,Nona,7,105
1034,Murray,0,108
1035,Dena,4,108
1036,Jennie,4,103
1037,Alex,4,108
1038,Erasmo,8,106
1039,Earnestine,3,104
1040,Maximo,3,108
1041,Hunter,6,101
1042,Trinidad,7,106
1043,Todd,1,104
1044,Elden,0,102
1045,Kurt,7,104
1046,Fay,7,107
1047,Charles,4,103
1048,Alva,3,107
1049,Vincent,4,102
1050,Leigh,1,101